N = 25

X
12
13
8
12
6
11
12
9
12
11
11
12
12
14
10
7
8
12
10
10
8
10
7
11
9

Y
11
12
9
9
10
10
10
10
13
12
11
13
10
11
12
5
10
11
10
11
9
11
9
11
11

Sum(X) = 257
Mean(X) = 10.28

X-Mean(X)
1.720
2.720
-2.280
1.720
-4.280
0.720
1.720
-1.280
1.720
0.720
0.720
1.720
1.720
3.720
-0.280
-3.280
-2.280
1.720
-0.280
-0.280
-2.280
-0.280
-3.280
0.720
-1.280

(X-Mean(X))^2
2.958
7.398
5.198
2.958
18.318
0.518
2.958
1.638
2.958
0.518
0.518
2.958
2.958
13.838
0.078
10.758
5.198
2.958
0.078
0.078
5.198
0.078
10.758
0.518
1.638

Sum((X-Mean(X))^2) = 103.040

Sigma(Y) = 261
Mean(Y) = 10.44

Y-Mean(Y)
0.560
1.560
-1.440
-1.440
-0.440
-0.440
-0.440
-0.440
2.560
1.560
0.560
2.560
-0.440
0.560
1.560
-5.440
-0.440
0.560
-0.440
0.560
-1.440
0.560
-1.440
0.560
0.560

(Y - Mean(y))^2
0.314
2.434
2.074
2.074
0.194
0.194
0.194
0.194
6.554
2.434
0.314
6.554
0.194
0.314
2.434
29.594
0.194
0.314
0.194
0.314
2.074
0.314
2.074
0.314
0.314

Sum((Y - My)^2) = 62.160

(X - Mean(x))(Y - Mean(y))
0.963
4.243
3.283
-2.477
1.883
-0.317
-0.757
0.563
4.403
1.123
0.403
4.403
-0.757
2.083
-0.437
17.843
1.003
0.963
0.123
-0.157
3.283
-0.157
4.723
0.403
-0.717

Sum((X - Mean(x))(Y - Mean(y))): 45.920

r = 45.92 / √((103.04)(62.16)) = 0.5738