N = 25
X 			Y		x 		y 		xy 		x^2 	y^2
6 			5		-3.6	-5.36 	17.796 	12.96	28.6296
7			9		-2.6	-1.6	4.16	6.76	2.56
7			9		-2.6	-1.6	4.16	6.76	2.56
8			9		-1.6	-1.6	2.56	2.56	2.56
8			9		-1.6	-1.6	2.56	2.56	2.56
8			10		-1.6	-0.36	0.576	2.56	0.1296
9			10		-0.6	-0.36	0.216	0.36	0.1296
9			10		-0.6	-0.36	0.216	0.36	0.1296
10			10		1.6     -0.36   -0.576	2.56	0.1296
10			10		1.6     -0.36   -0.576	2.56	0.1296
10			10		1.6     -0.36   -0.576	2.56	0.1296
10			10		1.6     -0.36   -0.576	2.56	0.1296
11			11		2.6 	1.36	3.536	6.76	1.8496
11			11		2.6 	1.36	3.536	6.76	1.8496
11			11		2.6 	1.36	3.536	6.76	1.8496
11			11		2.6 	1.36	3.536	6.76	1.8496
12			11		3.6 	1.36	8.976 	12.96	1.8496
12			11		3.6 	1.36	8.976 	12.96	1.8496
12			11		3.6 	1.36	8.976 	12.96	1.8496
12			11		3.6 	1.36	8.976 	12.96	1.8496
12			12		3.6 	2.36	8.496 	12.96	5.7696
12			12		3.6 	2.36	8.496 	12.96	5.7696
12			12		3.6 	2.36	8.496 	12.96	5.7696
13			12		4.6 	2.36	10.856	19.96	5.7696
14			12		5.6 	2.36	13.216	31.36	5.7696
	Total
237			259						146.988 314.40	78.0106
	Mean
9.6			10.36

r = 0.938563807